sheetn frac tot cur
RECUR_A100 0.05 0.4212187867466128 0.016666666666666666
2023A_A000 0.1 0.8424375734932256 0.0
2023A_A001 0.12 1.0109250881918705 0.0
2023A_A002 0.1 0.8424375734932256 0.0
2023A_A004 0.1 0.8424375734932256 0.0
2023A_A005 0.1 0.8424375734932256 0.0
2023A_A006 0.1 0.8424375734932256 0.0
2023A_A007 0.1 0.8424375734932256 0.0
2023A_A008 0.1 0.8424375734932256 0.0
2023A_A009 0.1 0.8424375734932256 0.0
2023A_A010 0.1 0.8424375734932256 0.0
2023A_A011 0.1 0.8424375734932256 0.0
2023A_A012 0.1 0.8424375734932256 0.0
2023A_A014 0.26 2.1903376910823864 0.0125
2023A_A015 0.1 0.8424375734932256 0.0
2023A_A017 0.1 0.8424375734932256 0.0
2023A_A018 0.1 0.8424375734932256 0.0
2023A_A019 0.0 0.0 0.0
2023A_A020 0.0 0.0 0.0
2023A_A021 0.0 0.0 0.0
2023A_A016 0.0 0.0 0.0
