0.22 11.44
0.24 14.36
0.50 11.09
0.22 13.20
0.25 14.66
0.29 14.54
0.64 7.63
0.65 11.72
0.65 8.76
0.63 10.62
0.63 14.73
0.28 16.55
0.05 17.01
0.70 16.65
0.23 16.88
0.61 13.42
0.63 12.64
0.62 13.49
0.45 13.37
0.20 16.71
0.34 12.13
0.35 14.95
0.49 15.55
0.64 13.70
0.24 16.33
0.64 14.74
0.44 16.78
0.30 15.96
0.44 11.70
0.62 12.68
0.47 10.64
0.64 12.04
0.56 9.60
0.14 21.31
0.47 16.31
0.21 19.08
0.21 19.21
0.32 14.69
0.31 20.41
0.41 10.87
2.26 10.85
0.18 12.11
0.42 12.13
0.25 16.11
0.22 15.15
0.17 23.58
0.50 24.08
0.14 20.12
0.25 14.50
0.50 13.46
0.61 29.22
4.16 25.77
0.15 49.81
0.22 26.73
0.43 21.83
0.08 48.05
0.13 29.07
0.12 35.54
0.09 36.74
0.19 28.93
0.07 42.02
0.26 18.11
1.70 23.58
1.56 23.58
1.56 23.58
1.56 23.58
0.40 19.63
0.44 14.18
0.55 18.11
0.17 23.39
0.31 35.80
0.37 14.35
0.23 16.88
0.32 21.56
0.99 16.47
0.26 11.43
0.30 16.68
0.01 16.69
0.01 16.76
76.03 20.29
1.00 20.29
1.00 19.47
1.00 19.40
1.00 21.46
1.00 18.86
1.00 19.01
1.00 14.37
1.00 15.69
1.00 14.63
1.00 13.99
1.00 9.92
1.00 10.10
1.00 12.02
2.55 13.33
3.25 13.38
5.42 17.84
0.41 11.92
2.59 13.62
1.64 14.88
0.39 12.39
0.88 12.06
1.07 12.61
0.46 11.05
0.43 16.59
0.30 14.97
0.48 14.38
0.23 15.21
0.25 8.80
0.61 12.47
0.49 13.00
0.33 10.39
0.47 9.77
0.53 12.02
0.35 11.59
0.56 10.46
0.42 8.14
0.20 10.81
0.20 13.52
0.21 18.04
0.21 18.92
0.20 19.01
0.26 19.52
0.56 15.35
0.26 9.48
0.47 12.58
0.27 9.26
0.40 15.08
0.35 13.95
0.52 10.06
0.47 8.79
0.61 9.88
0.46 12.74
0.62 9.48
0.27 9.93
0.68 11.37
0.78 11.52
0.68 14.30
0.82 16.63
0.31 11.67
0.52 11.90
1.10 11.78
0.34 10.02
0.70 11.85
0.31 9.06
0.31 8.77
0.57 9.43
0.50 12.47
0.54 9.16
0.39 8.80
0.82 9.77
0.23 10.53
0.46 13.24
0.19 21.18
0.23 12.12
0.19 21.02
0.39 12.21
0.34 21.14
0.39 10.82
0.16 12.83
0.48 9.06
0.37 10.44
0.53 11.92
0.26 13.80
0.53 9.01
0.58 9.60
0.28 11.97
0.41 13.19
0.60 9.40
0.53 11.72
0.55 9.06
0.56 10.44
0.57 12.01
0.56 11.23
0.37 12.86
0.33 13.26
0.28 10.71
0.64 12.11
0.48 14.66
0.34 13.58
0.34 26.52
0.30 13.60
0.30 8.18
0.44 8.98
0.23 15.29
0.59 12.58
0.15 19.81
0.14 21.51
0.49 13.43
0.56 14.85
0.23 20.19
0.42 11.77
0.44 14.19
0.12 25.74
0.22 17.34
0.31 13.59
0.62 20.20
0.54 14.70
0.19 19.22
0.22 12.12
0.56 14.14
0.40 16.73
0.58 11.64
0.22 19.45
0.46 17.30
0.19 20.28
0.42 16.88
0.48 21.96
0.31 21.12
0.30 11.05
0.30 13.31
0.30 7.49
0.61 14.18
0.02 13.69
1.21 9.31
1.77 11.12
0.43 13.20
0.57 9.29
0.20 19.49
0.20 6.39
0.49 11.13
0.26 9.08
0.40 11.49
0.57 11.44
0.34 7.67
0.44 7.73
0.48 9.54
0.47 8.78
0.63 8.57
0.58 9.05
0.57 8.50
0.28 10.27
0.49 13.74
0.71 8.26
0.45 10.63
0.67 14.16
0.74 11.56
0.68 15.35
0.59 12.02
0.71 13.32
0.26 13.45
0.71 12.24
0.28 11.12
0.38 9.19
0.65 6.71
0.36 6.35
0.62 7.02
0.62 7.34
0.54 9.31
0.38 10.36
0.26 9.58
